0.70759853 -0.32601142 -0.51010708 0.82475736 -0.72504912 0.94862480 -0.93657715 -0.84118059 0.87112379 -0.16979093 0.49561671 0.68616664
-0.15483094 -0.75176236 -0.91773984 -0.77826019 0.63359405 -0.79232947 -0.63458504 -0.26343222 -0.20534101 -0.96066275 -0.24262835 0.73231191
0.39958828 0.14270262 0.24894758 -0.43704311 0.73195381 0.30687158 0.63215843 0.34167244 -0.14472406 0.21700718 -0.36317463 -0.73432332
-0.54776415 0.31192195 -0.67234874 -0.61430703 0.08629894 0.36788567 -0.75824916 -0.13712268 0.89124769 -0.97565193 -0.78778945 0.23229843
0.32062344 -0.64340926 0.69170286 0.15667636 -0.48309713 1.20831292 1.06487828 -0.72415119 -0.51088038 1.10920405 -0.72122707 -0.71263445
-0.64056504 0.04400340 -0.45735775 -0.33280138 0.42401384 0.80617064 0.31900027 -0.54123201 0.86147026 0.72752210 -0.22974679 -0.60750467
-1.01923505 0.39604470 -0.21637084 -0.73886075 -0.74909406 -0.26516674 -0.42312600 0.78083477 0.65976542 0.03438584 -0.19302119 -0.80351879
-0.24108526 0.52667535 0.27526724 -0.68813896 -0.73442301 -0.37429755 -0.44725133 -0.54816584 0.20369455 0.38217742 0.71912789 -0.65274363
0.48948917 -0.90486178 -0.72631430 0.46690492 -0.67503030 0.38711473 -0.17302387 0.87164294 0.15644739 -1.04447702 -1.01684117 0.07871573
1.09365134 0.22976805 1.10881440 1.16822689 -0.78450612 1.32759510 1.27170530 -0.91331961 1.03341271 0.44095443 0.61689641 -0.59502561
-0.42484665 0.94532378 0.64602695 -0.15848353 0.18433811 0.00941865 0.78108144 0.29259075 0.80099085 0.79575405 -0.72623908 -0.58971164
0.03636263 0.08729010 0.03878918 -0.31462942 0.34555099 0.16643915 -0.36117936 -1.00925045 0.83733485 0.76900367 -0.20380383 0.35112669
-0.40570743 0.86984373 0.67114171 -0.03523643 0.39529135 0.99674105 -0.86201426 0.49561465 0.83776127 -0.05612201 0.55160454 1.00295118
-0.90801536 -1.19515682 -1.44450413 -0.88258153 0.19042332 -1.36513358 -0.52009619 -0.47610567 -0.65222504 -1.04058259 0.46069652 0.54731009
0.05637301 -0.30563571 0.19222514 -0.85505235 -0.35125661 0.65425566 0.28320227 0.36062134 -0.21401298 0.68886306 -0.69578379 -0.64616723
-0.14039936 -0.66019413 0.28966854 -0.91602736 -0.50717772 0.51262767 -0.08729580 0.92295760 -0.80753505 -0.46298789 0.31498406 0.68960613
0.17964495 0.13706002 0.12249740 0.01036360 0.31238423 -0.04616799 -0.32715810 0.44580523 1.04324609 0.28107575 -0.58853088 -0.70560367
-0.09086605 0.48983168 0.22869836 -0.42879854 0.75131215 -1.34952068 0.54726521 -0.63318638 0.75434104 -0.15197993 -0.65439865 0.01939184
-0.15978738 -0.52740131 -0.31666620 0.47924141 0.99716905 -0.78519778 -0.25655394 -0.14740371 0.82871132 0.24406631 0.17023345 0.24898788
1.37733364 1.18210738 0.93343563 0.83259979 0.45151645 0.42592330 0.66617889 0.26633815 0.66726864 0.21481885 -0.00527332 0.60537980
