1.04761757 -0.54778564 -0.10703538 0.38664020 1.13830294 -0.19648223 -0.82605568 -0.79057936 -0.33184941 0.84250257 -0.67907881 0.96977870 -1.08533801 -0.50099415 -0.37389694 0.53084435 0.00238490 -0.32402701
-0.67940812 -0.76295830 -0.52430485 -0.60753987 1.03246362 -0.61070013 -0.36462855 -1.15137924 -0.97171906 0.40747824 0.54138667 -0.80877185 0.06164338 -0.89079952 0.71937355 0.68561027 0.86612352 0.10436143
0.81192265 -0.73220525 0.97180046 -0.01563725 0.44978011 -1.08909789 -0.04159773 -1.16494030 0.54647120 0.31370877 -0.30867781 -0.05094200 0.51066584 -1.32813246 0.21165343 -0.07500620 0.86386193 -0.32337484
0.02525796 -0.46173679 0.82393350 0.57664599 1.00018808 0.06182419 0.29910721 0.25700420 -0.46477647 1.18864778 -0.99418075 -0.60316136 0.88089169 0.44019596 -0.87227899 -0.08023590 -0.29757789 0.54129717
-1.03623005 -0.08429088 -0.48208280 -0.43775151 0.57918779 -0.29386108 0.54295646 -0.67274632 0.74148643 -0.46950379 -0.69542298 0.72717621 -0.76288143 0.63456276 0.30017048 0.49754871 -0.37134087 -0.28335701
0.65565670 -0.98003320 1.36926835 -0.26739056 0.50333360 -0.82678811 0.19770168 -0.34053817 -0.88764868 0.35555927 0.80329719 0.05111825 0.72242793 -0.71346477 -0.91716502 0.54188488 0.37291519 -0.12113884
0.25236592 0.10658691 -0.64987162 0.32269180 0.07595508 -0.98217582 0.41498321 -0.39359331 -0.88372032 0.95811489 -0.12707460 1.07966382 -0.16804286 -0.82424343 0.01133362 0.27314534 0.18897956 -0.12106916
-0.66239467 -0.97243064 -0.47820596 0.69939055 0.83796851 0.15878490 -0.58609405 0.50028095 0.11582350 -0.49959143 0.41818375 -0.09238378 0.03879984 0.22855828 0.59215209 0.06956983 0.17516674 -0.05336933
-0.60557195 -0.86131852 -0.20957686 0.76284996 0.78024395 0.64492757 -1.01632116 0.10033772 0.50863269 0.04678214 0.83882045 -0.85811657 0.01560437 -0.79311965 0.61857032 0.12319518 -0.81420555 -0.72717289
1.07629300 0.08488171 0.41185356 0.85005661 -0.64284018 -0.34318686 0.74740174 -1.10652139 -0.59478453 1.15041974 -0.43710388 0.96288800 -0.60301367 0.41596751 -0.45162826 -0.35175230 0.52744535 0.59484119
-0.43646963 -0.65047697 -0.35703658 -0.47278531 0.77121295 0.64738230 0.25949823 -0.21400830 0.26338737 0.63413442 -0.21936653 -0.45708922 0.72407903 0.61885008 0.36577487 0.72044192 -0.29652746 0.12530449
0.44932599 -0.08785898 -0.79191422 -0.00377342 0.61242091 -0.69775325 0.57479814 -0.09789226 0.87884675 -0.43442214 0.81382724 0.01786695 -0.37655833 0.35091486 -0.59303078 0.39137595 0.62520612 0.49057780
